1	0
2	0
3	0
4	1
6	2
7	2
8	2
11	3
12	4
13	4
15	6
17	6
18	7
19	7
22	8
23	8
24	11
25	11
27	12
30	13
31	13
32	13
33	15
36	17
38	18
40	19
41	22
43	23
45	24
46	24
48	24
49	25
52	27
53	27
54	30
55	30
58	31
59	31
60	32
62	32
64	33
65	33
67	36
68	36
70	38
71	38
72	40
74	40
75	41
77	41
78	43
79	43
81	45
83	45
84	46
85	46
87	48
89	48
90	49
92	49
94	52
95	53
97	53
98	53
100	54
102	55
103	58
105	59
107	60
110	62
112	64
113	65
115	65
116	65
118	67
119	67
122	68
124	70
125	70
126	70
128	71
129	72
130	72
132	72
133	74
136	75
137	77
139	77
140	77
141	78
143	79
144	79
145	79
147	81
150	83
152	84
154	85
155	87
160	90
161	92
163	92
164	92
165	94
167	94
168	95
170	95
172	97
173	97
174	98
176	98
178	100
179	100
180	102
182	102
183	103
185	103
186	105
187	105
189	107
192	110
193	110
195	112
197	112
198	113
200	113
202	115
203	115
204	116
206	116
207	118
208	118
211	119
212	119
213	122
214	122
217	124
220	125
221	125
222	126
224	126
226	128
227	128
228	129
230	129
231	130
232	130
234	132
236	132
237	133
238	133
241	136
242	136
243	137
245	137
248	139
249	140
251	140
252	141
253	141
255	143
257	143
258	144
259	144
262	145
265	147
266	147
268	150
269	150
271	152
272	152
273	154
275	154
276	155
277	155
280	160
281	160
282	161
284	161
286	163
287	163
288	164
290	164
291	165
292	165
294	165
295	167
297	168
300	170
301	172
303	173
305	174
308	176
311	178
312	178
314	179
315	180
316	180
318	180
319	182
322	183
323	185
325	185
326	185
327	186
329	187
330	187
331	187
333	189
335	192
336	192
338	192
339	193
341	195
342	195
344	195
345	197
350	200
351	202
353	203
355	204
358	206
360	207
362	208
363	211
365	212
367	213
368	213
370	213
371	214
374	217
375	220
377	221
379	222
382	224
383	226
384	226
385	226
388	227
389	228
392	230
394	231
400	236
401	237
403	238
404	238
405	238
408	241
409	241
410	241
412	242
413	243
416	245
417	248
422	251
423	252
426	253
427	253
428	253
429	255
432	257
434	258
436	259
437	262
440	265
441	266
444	266
445	268
446	268
447	268
450	269
452	271
454	271
456	272
457	273
458	273
460	273
461	275
463	276
466	277
467	277
468	277
470	280
471	280
472	280
474	281
475	282
478	284
481	287
483	288
486	290
487	291
489	291
490	292
491	292
493	294
495	294
496	295
497	295
500	297
503	300
504	300
505	301
507	301
508	303
509	303
511	305
512	305
514	308
515	308
518	311
519	311
520	312
522	312
524	314
525	314
526	315
529	316
530	316
532	318
534	318
535	319
536	319
539	322
540	322
541	323
546	325
547	326
549	326
550	327
551	327
553	329
555	329
556	330
557	330
560	331
561	331
563	333
564	333
565	335
567	335
568	336
569	336
571	338
574	339
576	339
577	341
579	341
580	342
581	342
583	344
585	344
586	345
587	345
590	350
591	350
592	351
594	351
595	353
596	353
598	355
599	355
602	358
605	360
606	360
607	362
609	362
610	363
612	363
613	365
614	365
616	367
618	367
619	368
620	368
622	370
624	370
625	371
627	371
628	374
630	374
631	375
633	375
634	377
635	377
637	379
638	379
641	382
643	383
645	383
646	384
647	384
650	385
651	385
652	388
653	388
656	389
657	389
660	392
662	394
663	394
664	400
665	400
667	401
668	401
670	403
672	403
673	404
674	404
677	405
678	405
679	408
680	408
683	409
684	409
685	410
687	410
689	412
690	412
692	413
693	413
696	416
697	417
698	417
700	422
701	422
704	423
705	423
706	426
707	426
710	427
711	427
712	428
714	428
716	429
719	432
720	432
723	434
724	436
726	436
727	437
729	437
730	440
732	440
733	441
735	441
736	444
738	444
739	445
741	445
742	446
743	446
746	447
747	447
748	450
749	450
752	452
754	454
756	454
758	456
759	456
760	457
762	457
763	458
766	460
768	460
769	461
770	461
773	463
774	463
775	466
776	466
779	467
780	467
783	468
784	470
785	470
788	471
789	471
790	472
792	472
794	474
795	474
797	475
798	475
800	478
801	478
802	481
803	481
805	483
806	483
808	486
809	486
811	487
814	489
816	490
818	491
819	493
822	495
823	496
825	497
826	497
827	497
830	500
831	503
832	503
833	503
836	504
838	505
839	507
842	507
843	508
845	509
846	509
847	509
849	511
852	512
853	512
854	512
855	514
856	514
858	514
859	515
861	518
863	519
865	520
868	522
869	524
870	524
871	524
874	525
875	526
878	529
881	532
884	534
885	535
887	536
888	536
889	536
892	539
893	539
894	539
896	540
897	541
899	546
901	547
904	549
905	550
908	551
909	551
910	551
914	555
916	556
918	557
919	560
924	563
925	564
927	564
928	564
932	567
934	568
936	569
937	571
940	574
941	576
943	576
944	576
945	577
948	579
950	580
952	581
953	583
956	585
957	586
959	587
960	587
961	587
963	590
964	590
965	590
968	591
970	592
971	594
974	594
975	595
977	596
979	596
981	598
984	599
985	599
986	599
987	602
990	605
991	605
992	605
994	606
996	607
999	609
1002	610
1005	612
1007	613
1009	614
1010	614
1011	614
1013	616
1016	618
1018	619
1020	620
1021	622
1026	625
1027	627
1029	627
1030	627
1031	628
1032	628
1034	628
1035	630
1038	631
1039	633
1041	633
1042	633
1043	634
1046	635
1047	635
1049	637
1052	638
1053	638
1054	638
1055	641
1057	643
1062	646
1064	647
1065	650
1067	651
1069	652
1070	652
1072	652
1073	653
1076	656
1077	657
1079	657
1080	657
1082	660
1084	662
1085	662
1086	662
1088	663
1089	664
1090	664
1092	664
1093	665
1095	667
1098	668
1099	668
1100	668
1101	670
1104	672
1106	673
1108	674
1109	677
1114	679
1116	680
1117	683
1119	684
1121	685
1124	687
1125	689
1126	689
1127	689
1130	690
1132	692
1135	693
1136	693
1138	696
1139	697
1141	698
1142	698
1143	698
1145	700
1146	700
1148	700
1149	701
1152	704
1153	705
1155	705
1156	705
1158	706
1160	707
1161	710
1163	711
1165	712
1168	714
1170	716
1172	719
1173	719
1176	720
1178	723
1179	724
1180	724
1182	724
1183	726
1186	727
1187	729
1189	729
1190	729
1191	730
1192	730
1194	730
1195	732
1200	735
1201	736
1205	739
1210	742
1212	743
1213	746
1215	747
1217	748
1218	748
1220	748
1221	749
1224	752
1225	754
1229	758
1230	758
1231	758
1234	759
1235	760
1238	762
1240	763
1241	766
1244	768
1245	769
1247	770
1248	770
1249	770
1252	773
1253	774
1255	774
1256	774
1258	775
1260	776
1261	779
1263	780
1266	783
1268	784
1270	785
1271	788
1273	789
1275	790
1278	792
1279	794
1280	794
1281	794
1284	795
1286	797
1289	798
1290	798
1291	800
1293	800
1296	801
1297	802
1299	803
1300	803
1301	803
1303	805
1307	806
1308	806
1309	808
1310	808
1312	808
1313	809
1316	811
1317	811
1319	814
1320	814
1322	816
1323	816
1326	818
1327	819
1328	819
1330	822
1331	822
1333	823
1334	823
1336	825
1338	825
1339	826
1340	826
1343	827
1344	827
1345	830
1347	830
1348	831
1350	831
1351	832
1352	832
1355	833
1356	833
1357	836
1358	836
1361	838
1362	838
1363	839
1365	839
1366	842
1368	842
1369	843
1370	843
1372	845
1374	845
1376	846
1379	847
1380	847
1382	849
1383	849
1384	852
1385	852
1388	853
1389	853
1392	854
1393	855
1395	855
1397	856
1399	858
1402	859
1404	859
1405	861
1407	861
1408	863
1409	863
1411	865
1412	865
1414	868
1415	868
1417	869
1419	869
1420	870
1421	870
1424	871
1425	871
1426	874
1427	874
1430	875
1431	875
1433	878
1434	878
1435	881
1438	884
1439	884
1441	885
1442	885
1444	887
1446	887
1447	888
1448	888
1451	889
1452	889
1453	892
1454	892
1457	893
1458	893
1459	894
1461	894
1463	896
1464	896
1466	897
1467	897
1468	899
1469	899
1471	901
1474	904
1475	904
1478	905
1479	905
1480	908
1481	908
1484	909
1485	909
1486	910
1488	910
1490	914
1491	914
1494	916
1495	918
1497	918
1498	919
1500	919
1501	924
1503	924
1504	925
1506	925
1508	927
1509	927
1510	928
1512	928
1514	932
1515	932
1518	934
1519	936
1521	936
1522	937
1523	937
1526	940
1527	940
1528	941
1530	941
1532	943
1533	943
1534	944
1536	944
1538	945
1539	945
1541	948
1542	948
1544	950
1545	950
1548	952
1549	953
1550	953
1552	956
1553	956
1555	957
1556	957
1558	959
1560	959
1561	960
1562	960
1565	961
1566	961
1567	963
1569	963
1570	964
1571	964
1574	965
1575	965
1576	968
1577	968
1580	970
1581	970
1582	971
1584	971
1585	974
1587	974
1588	975
1589	975
1591	977
1593	977
1595	979
1598	981
1599	981
1600	984
1601	984
1604	985
1605	985
1608	986
1609	987
1611	987
1613	990
1616	991
1617	991
1618	992
1620	992
1622	994
1623	994
1624	996
1625	996
1627	999
1628	999
1631	1002
1632	1002
1635	1005
1636	1007
1637	1007
1639	1009
1641	1009
1642	1010
1643	1010
1646	1011
1649	1013
1650	1013
1652	1016
1653	1016
1655	1018
1656	1018
1657	1020
1659	1020
1660	1021
1661	1021
1664	1026
1665	1026
1666	1027
1668	1027
1670	1029
1671	1029
1672	1030
1674	1030
1675	1031
1677	1031
1678	1032
1679	1032
1681	1034
1683	1034
1684	1035
1685	1035
1688	1038
1689	1038
1690	1039
1692	1039
1695	1041
1696	1042
1698	1042
1699	1043
1700	1043
1703	1046
1706	1047
1709	1049
1710	1049
1711	1052
1712	1052
1715	1053
1716	1053
1719	1054
1720	1055
1722	1055
1724	1057
1725	1057
1727	1062
1728	1062
1729	1064
1731	1064
1732	1065
1734	1065
1735	1067
1736	1067
1738	1069
1740	1069
1741	1070
1742	1070
1744	1072
1746	1072
1747	1073
1749	1073
1750	1076
1752	1076
1753	1077
1755	1077
1757	1079
1758	1079
1759	1080
1761	1080
1762	1082
1763	1082
1766	1084
1769	1085
1770	1085
1771	1086
1773	1086
1775	1088
1776	1088
1777	1089
1779	1089
1780	1090
1781	1090
1783	1092
1786	1093
1788	1093
1790	1095
1791	1095
1792	1098
1793	1098
1796	1099
1797	1099
1798	1100
1800	1100
1802	1101
1803	1101
1805	1104
1806	1104
1808	1106
1809	1106
1810	1108
1812	1108
1813	1109
1815	1109
1818	1114
1819	1116
1821	1116
1822	1117
1824	1117
1825	1119
1826	1119
1828	1121
1829	1121
1831	1124
1832	1124
1834	1125
1836	1125
1837	1126
1838	1126
1841	1127
1842	1127
1843	1130
1844	1130
1846	1132
1848	1132
1850	1135
1851	1135
1852	1136
1854	1136
1855	1138
1856	1138
1858	1139
1859	1139
1861	1141
1863	1141
1864	1142
1865	1142
1868	1143
1869	1143
1870	1145
1872	1145
1873	1146
1874	1146
1876	1148
1879	1149
1881	1149
1882	1152
1884	1152
1885	1153
1887	1153
1889	1155
1890	1155
1891	1156
1893	1156
1895	1158
1896	1158
1897	1160
1899	1160
1900	1161
1902	1161
1903	1163
1904	1163
1906	1165
1909	1168
1910	1168
1912	1170
1914	1170
1915	1172
1916	1172
1919	1173
1920	1173
1921	1176
1922	1176
1925	1178
1926	1178
1927	1179
1929	1179
1930	1180
1931	1180
1933	1182
1935	1182
1936	1183
1937	1183
1940	1186
1941	1186
1942	1187
1944	1187
1947	1189
1948	1190
1950	1190
1951	1191
1953	1191
1954	1192
1955	1192
1957	1194
1959	1194
1960	1195
1961	1195
1964	1200
1965	1200
1966	1201
1967	1201
1970	1205
1971	1205
1973	1210
1974	1210
1975	1212
1977	1212
1978	1213
1981	1215
1982	1215
1984	1217
1986	1217
1987	1218
1988	1218
1990	1220
1992	1220
1993	1221
1995	1221
1996	1224
1998	1224
1999	1225
2000	1225
2002	1229
2004	1229
2005	1230
2006	1230
2009	1231
2010	1231
2011	1234
2012	1234
2015	1235
2016	1235
2019	1238
2021	1240
2022	1240
2023	1241
2024	1241
2026	1244
2027	1244
2029	1245
2030	1245
2032	1247
2034	1247
2035	1248
2036	1248
2039	1249
2040	1249
2041	1252
2043	1252
2044	1253
2046	1253
2048	1255
2049	1255
2050	1256
2052	1256
2054	1258
2055	1258
2058	1260
2059	1261
2062	1263
2063	1263
2065	1266
2066	1266
2070	1268
2071	1270
2073	1270
2074	1271
2076	1271
2077	1273
2078	1273
2080	1275
2081	1275
2083	1278
2084	1278
2086	1279
2088	1279
2089	1280
2090	1280
2093	1281
2094	1281
2095	1284
2096	1284
2098	1286
2100	1286
2102	1289
2103	1289
2104	1290
2106	1290
2107	1291
2109	1291
2111	1293
2112	1293
2113	1296
2114	1296
2116	1297
2117	1297
2119	1299
2121	1299
2122	1300
2123	1300
2126	1301
2127	1301
2129	1303
2130	1303
2132	1307
2133	1307
2136	1308
2137	1309
2139	1309
2140	1310
2141	1310
2143	1312
2146	1313
2148	1313
2150	1316
2151	1317
2153	1317
2154	1317
2155	1319
2156	1319
2157	1319
2160	1320
2162	1322
2163	1322
2164	1322
2166	1323
2167	1326
2169	1327
2172	1328
2173	1328
2174	1328
2175	1330
2176	1330
2178	1330
2179	1331
2181	1333
2184	1334
2185	1334
2186	1334
2187	1336
2190	1338
2192	1339
2194	1340
2195	1343
2199	1345
2200	1345
2202	1345
2203	1347
2205	1348
2210	1351
2213	1355
2215	1356
2217	1357
2218	1357
2220	1357
2221	1358
2224	1361
2225	1361
2226	1361
2228	1362
2229	1363
2232	1365
2233	1366
2236	1368
2237	1369
2240	1370
2241	1370
2242	1370
2243	1372
2246	1374
2248	1376
2249	1379
2254	1382
2255	1383
2257	1383
2258	1383
2260	1384
2263	1388
2265	1389
2268	1392
2269	1393
2272	1395
2274	1397
2275	1399
2278	1402
2279	1404
2281	1404
2282	1404
2284	1405
2285	1407
2287	1407
2288	1407
2289	1408
2293	1409
2295	1411
2298	1412
2299	1412
2300	1412
2304	1414
2305	1415
2307	1417
2312	1420
2314	1421
2315	1424
2317	1425
2319	1426
2320	1426
2322	1426
2323	1427
2326	1430
2327	1431
2329	1431
2330	1431
2332	1433
2333	1433
2334	1433
2336	1434
2337	1435
2339	1438
2340	1438
2342	1438
2343	1439
2345	1441
2348	1442
2349	1442
2350	1442
2351	1444
2354	1446
2356	1447
2358	1448
2359	1451
2364	1453
2366	1454
2367	1457
2369	1458
2371	1459
2374	1461
2375	1463
2376	1463
2377	1463
2380	1464
2382	1466
2385	1467
2386	1467
2387	1468
2389	1469
2390	1469
2391	1469
2393	1471
2395	1474
2396	1474
2398	1474
2399	1475
2402	1478
2403	1479
2405	1479
2406	1479
2408	1480
2410	1481
2411	1484
2413	1485
2415	1486
2418	1488
2420	1490
2421	1490
2424	1491
2426	1494
2427	1495
2428	1495
2430	1495
2431	1497
2434	1498
2435	1500
2437	1500
2438	1500
2439	1501
2440	1501
2442	1501
2443	1503
2448	1506
2449	1508
2451	1509
2453	1510
2456	1512
2457	1514
2458	1514
2459	1514
2462	1515
2464	1518
2465	1519
2466	1519
2468	1519
2469	1521
2471	1522
2474	1523
2475	1523
2476	1523
2478	1526
2479	1526
2480	1526
2482	1527
2483	1528
2486	1530
2489	1533
2491	1534
2494	1536
2496	1538
2497	1539
2499	1539
2500	1539
2501	1541
2502	1541
2503	1541
2506	1542
2508	1544
2509	1544
2510	1544
2512	1545
2513	1548
2515	1549
2518	1550
2519	1550
2520	1550
2521	1552
2522	1552
2524	1552
2525	1553
2527	1555
2530	1556
2531	1556
2532	1556
2533	1558
2536	1560
2538	1561
2540	1562
2541	1565
2545	1567
2550	1570
2553	1574
2555	1575
2557	1576
2558	1576
2560	1576
2561	1577
2564	1580
2565	1580
2566	1580
2568	1581
2569	1582
2572	1584
2573	1585
2576	1587
2577	1588
2580	1589
2581	1589
2582	1589
2586	1593
2587	1595
2590	1598
2591	1599
2593	1599
2594	1599
2596	1600
2599	1604
2601	1605
2604	1608
2606	1609
2607	1611
2609	1611
2610	1611
2612	1613
2613	1616
2615	1617
2617	1618
2620	1620
2621	1622
2622	1622
2623	1622
2626	1623
2628	1624
2631	1627
2633	1628
2634	1628
2635	1628
2638	1631
2639	1631
2640	1631
2642	1632
2643	1635
2645	1636
2648	1637
2649	1637
2650	1637
2651	1639
2654	1641
2656	1642
2658	1643
2659	1646
2662	1649
2663	1650
2666	1650
2667	1652
2668	1652
2669	1652
2672	1653
2674	1655
2676	1655
2678	1656
2679	1657
2680	1657
2682	1657
2683	1659
2685	1660
2688	1661
2689	1661
2690	1661
2692	1664
2693	1664
2694	1664
2696	1665
2697	1666
2700	1668
2703	1671
2705	1672
2708	1674
2709	1675
2712	1677
2714	1678
2717	1681
2720	1683
2721	1684
2723	1685
2724	1685
2725	1685
2728	1688
2729	1688
2730	1688
2732	1689
2733	1690
2736	1692
2737	1695
2739	1696
2742	1698
2743	1699
2746	1700
2747	1700
2748	1700
2750	1703
2751	1706
2754	1709
2755	1710
2757	1710
2758	1710
2760	1711
2762	1712
2763	1715
2765	1716
2768	1719
2770	1720
2771	1722
2773	1722
2774	1722
2776	1724
2777	1725
2779	1725
2780	1725
2782	1727
2783	1727
2784	1727
2786	1728
2787	1729
2788	1729
2791	1731
2794	1732
2795	1734
2797	1734
2799	1735
2801	1736
2802	1736
2803	1736
2805	1738
2808	1740
2810	1741
2812	1742
2813	1744
2818	1747
2819	1749
2821	1749
2822	1749
2823	1750
2824	1750
2826	1750
2827	1752
2832	1755
2833	1757
2835	1758
2837	1759
2840	1761
2841	1762
2842	1762
2844	1762
2845	1763
2848	1766
2849	1769
2851	1770
2853	1771
2856	1773
2857	1775
2858	1775
2859	1775
2862	1776
2863	1777
2866	1779
2868	1780
2870	1781
2871	1783
2874	1786
2875	1788
2877	1788
2878	1788
2880	1790
2881	1791
2883	1791
2884	1791
2886	1792
2888	1793
2889	1796
2891	1797
2893	1798
2896	1800
2898	1802
2899	1803
2901	1803
2904	1805
2905	1805
2908	1806
2910	1808
2911	1808
2914	1809
2915	1810
2916	1810
2918	1810
2919	1812
2922	1813
2923	1815
2925	1815
2926	1815
2928	1818
2929	1819
2930	1819
2932	1819
2933	1821
2936	1822
2937	1824
2939	1824
2940	1824
2941	1825
2943	1826
2944	1826
2945	1826
2947	1828
2950	1829
2951	1829
2952	1829
2953	1831
2954	1831
2956	1831
2957	1832
2959	1834
2964	1837
2966	1838
2967	1841
2969	1842
2971	1843
2972	1843
2974	1843
2975	1844
2977	1846
2978	1846
2980	1846
2981	1848
2983	1850
2985	1851
2987	1852
2990	1854
2991	1855
2992	1855
2994	1855
2995	1856
2997	1858
3000	1859
3001	1859
3002	1859
3003	1861
3006	1863
3010	1865
3011	1868
3015	1870
3018	1872
3022	1874
3023	1876
3026	1879
3027	1881
3029	1881
3030	1881
3031	1882
3032	1882
3034	1882
3035	1884
3037	1885
3040	1887
3041	1889
3043	1890
3045	1891
3048	1893
3051	1895
3052	1895
3054	1896
3055	1897
3056	1897
3058	1897
3059	1899
3062	1900
3063	1902
3065	1902
3066	1902
3067	1903
3069	1904
3070	1904
3071	1904
3073	1906
3075	1909
3076	1909
3078	1909
3079	1910
3081	1912
3082	1912
3084	1912
3085	1914
3088	1915
3090	1916
3091	1919
3093	1920
3095	1921
3096	1921
3098	1921
3099	1922
3101	1925
3102	1925
3103	1925
3106	1926
3107	1927
3110	1929
3112	1930
3118	1935
3119	1936
3121	1937
3122	1937
3123	1937
3126	1940
3127	1940
3128	1940
3130	1941
3131	1942
3134	1944
3135	1947
3140	1950
3141	1951
3144	1953
3146	1954
3149	1957
3152	1959
3153	1960
3155	1961
3156	1961
3157	1961
3159	1964
3160	1964
3161	1964
3164	1965
3165	1966
3168	1967
3169	1967
3170	1967
3172	1970
3173	1971
3175	1971
3176	1971
3178	1973
3179	1973
3180	1973
3182	1974
3183	1975
3184	1975
3187	1977
3190	1978
3191	1981
3193	1982
3194	1982
3195	1982
3197	1984
3200	1986
3202	1987
3204	1988
3205	1990
3210	1993
3211	1995
3213	1995
3214	1995
3215	1996
3216	1996
3218	1996
3219	1998
3221	1999
3224	2000
3225	2000
3226	2000
3227	2002
3232	2005
3234	2006
3235	2009
3237	2010
3239	2011
3240	2011
3242	2011
3243	2012
3246	2015
3247	2016
3249	2016
3250	2016
3252	2019
3254	2021
3255	2021
3256	2021
3258	2022
3259	2023
3262	2024
3264	2024
3265	2026
3266	2026
3268	2026
3269	2027
3271	2029
3274	2030
3275	2030
3276	2030
3277	2032
3280	2034
3282	2035
3284	2036
3285	2039
3289	2041
3290	2041
3292	2041
3293	2043
3295	2044
3298	2046
3299	2048
3301	2049
3303	2050
3306	2052
3309	2054
3310	2054
3312	2055
3313	2058
3316	2059
3317	2062
3319	2063
3320	2063
3321	2063
3323	2065
3324	2065
3326	2065
3327	2066
3330	2070
3331	2071
3332	2071
3334	2071
3335	2073
3338	2074
3339	2076
3341	2076
3342	2076
3343	2077
3345	2078
3346	2078
3347	2078
3349	2080
3352	2081
3353	2081
3354	2081
3355	2083
3356	2083
3358	2083
3359	2084
3361	2086
3366	2089
3368	2090
3369	2093
3371	2094
3373	2095
3374	2095
3376	2095
3377	2096
3379	2098
3380	2098
3382	2098
3383	2100
3385	2102
3387	2103
3389	2104
3392	2106
3393	2107
3399	2112
3401	2113
3402	2113
3404	2113
3405	2114
3407	2116
3410	2117
3411	2117
3412	2117
3413	2119
3416	2121
3420	2123
3421	2126
3426	2129
3427	2130
3429	2130
3430	2130
3433	2133
3436	2136
3437	2137
3440	2139
3444	2141
3445	2143
3448	2146
3449	2148
3451	2148
3452	2148
3453	2150
3455	2150
3456	2151
3458	2151
3460	2153
3461	2153
3462	2154
3464	2154
3465	2155
3467	2155
3468	2156
3469	2156
3473	2157
3474	2160
3475	2160
3478	2162
3481	2163
3482	2163
3483	2164
3485	2164
3487	2166
3488	2166
3489	2167
3490	2167
3493	2169
3494	2169
3495	2172
3496	2172
3500	2173
3503	2174
3504	2175
3506	2175
3507	2176
3508	2176
3510	2178
3513	2179
3515	2179
3517	2181
3518	2181
3519	2184
3520	2184
3523	2185
3524	2185
3525	2186
3527	2186
3529	2187
3530	2187
3532	2190
3533	2190
3535	2192
3536	2192
3537	2194
3539	2194
3540	2195
3542	2195
3543	2199
3545	2199
3546	2200
3547	2200
3549	2202
3551	2202
3552	2203
3553	2203
3556	2205
3557	2205
3559	2210
3560	2210
3561	2213
3563	2213
3564	2215
3565	2215
3567	2217
3569	2217
3570	2218
3571	2218
3573	2220
3575	2220
3576	2221
3578	2221
3579	2224
3580	2224
3583	2225
3584	2225
3585	2226
3587	2226
3589	2228
3590	2228
3592	2229
3593	2229
3596	2232
3597	2233
3598	2233
3600	2236
3601	2236
3604	2237
3605	2237
3606	2240
3607	2240
3610	2241
3611	2241
3612	2242
3614	2242
3616	2243
3619	2246
3620	2246
3621	2248
3623	2248
3624	2249
3626	2249
3627	2254
3629	2254
3630	2255
3632	2255
3634	2257
3635	2257
3636	2258
3638	2258
3640	2260
3641	2260
3642	2263
3645	2265
3646	2265
3648	2268
3649	2268
3652	2269
3655	2272
3656	2272
3657	2274
3659	2274
3660	2275
3661	2275
3664	2278
3665	2278
3666	2279
3668	2279
3670	2281
3671	2281
3672	2282
3674	2282
3676	2284
3677	2284
3678	2285
3680	2285
3683	2287
3684	2288
3686	2288
3687	2289
3688	2289
3691	2293
3692	2293
3694	2295
3695	2295
3696	2298
3697	2298
3700	2299
3701	2299
3704	2300
3705	2304
3708	2305
3710	2305
3712	2307
3713	2307
3715	2312
3716	2312
3717	2314
3719	2314
3720	2315
3722	2315
3723	2317
3724	2317
3726	2319
3728	2319
3729	2320
3730	2320
3732	2322
3734	2322
3735	2323
3737	2323
3738	2326
3740	2326
3741	2327
3743	2327
3745	2329
3746	2329
3747	2330
3749	2330
3751	2332
3754	2333
3755	2333
3756	2334
3758	2334
3760	2336
3761	2336
3763	2337
3764	2337
3765	2339
3767	2339
3768	2340
3769	2340
3771	2342
3774	2343
3776	2343
3778	2345
3779	2345
3780	2348
3781	2348
3784	2349
3785	2349
3786	2350
3788	2350
3790	2351
3791	2351
3793	2354
3794	2354
3796	2356
3797	2356
3798	2358
3800	2358
3801	2359
3803	2359
3806	2364
3807	2366
3809	2366
3810	2367
3812	2367
3813	2369
3814	2369
3816	2371
3817	2371
3819	2374
3820	2374
3822	2375
3824	2375
3825	2376
3826	2376
3829	2377
3830	2377
3831	2380
3832	2380
3834	2382
3836	2382
3838	2385
3839	2385
3840	2386
3842	2386
3843	2387
3844	2387
3846	2389
3848	2389
3849	2390
3850	2390
3853	2391
3854	2391
3856	2393
3857	2393
3858	2395
3860	2395
3861	2396
3862	2396
3864	2398
3867	2399
3869	2399
3870	2402
3872	2402
3873	2403
3875	2403
3877	2405
3878	2405
3879	2406
3881	2406
3883	2408
3884	2408
3885	2410
3887	2410
3888	2411
3890	2411
3891	2413
3892	2413
3894	2415
3897	2418
3898	2418
3900	2420
3901	2420
3904	2421
3905	2421
3906	2424
3907	2424
3910	2426
3911	2426
3912	2427
3914	2427
3915	2428
3916	2428
3918	2430
3920	2430
3921	2431
3922	2431
3925	2434
3926	2434
3927	2435
3929	2435
3932	2437
3933	2438
3935	2438
3936	2439
3938	2439
3939	2440
3940	2440
3942	2442
3944	2442
3945	2443
3946	2443
3949	2448
3950	2448
3951	2449
3953	2449
3954	2451
3955	2451
3957	2453
3958	2453
3961	2456
3963	2457
3965	2457
3966	2458
3967	2458
3970	2459
3971	2459
3972	2462
3973	2462
3976	2464
3977	2464
3978	2465
3980	2465
3981	2466
3984	2468
3986	2468
3987	2469
3988	2469
3991	2471
3992	2471
3993	2474
3994	2474
3997	2475
3998	2475
4001	2476
4002	2478
4003	2478
4006	2479
4007	2479
4008	2480
4010	2480
4012	2482
4013	2482
4015	2483
4016	2483
4018	2486
4019	2486
4020	2489
4021	2489
4023	2491
4024	2491
4026	2494
4027	2494
4029	2496
4031	2496
4032	2497
4034	2497
4036	2499
4037	2499
4038	2500
4040	2500
4041	2501
4043	2501
4044	2502
4045	2502
4049	2503
4050	2506
4051	2506
4054	2508
4057	2509
4058	2509
4059	2510
4061	2510
4063	2512
4064	2512
4065	2513
4066	2513
4069	2515
4070	2515
4071	2518
4072	2518
4079	2520
4080	2521
4082	2521
4083	2522
4084	2522
4086	2524
4089	2525
4091	2525
4093	2527
4094	2527
4095	2530
4096	2530
4099	2531
4100	2531
4101	2532
4103	2532
4105	2533
4106	2533
4108	2536
4109	2536
4111	2538
4112	2538
4113	2540
4115	2540
4116	2541
4118	2541
4120	2545
4121	2545
4123	2550
4124	2550
4125	2553
4127	2553
4128	2555
4129	2555
4131	2557
4133	2557
4134	2558
4135	2558
4137	2560
4139	2560
4140	2561
4142	2561
4143	2564
4144	2564
4147	2565
4148	2565
4149	2566
4151	2566
4153	2568
4154	2568
4156	2569
4157	2569
4160	2572
4161	2573
4162	2573
4164	2576
4165	2576
4168	2577
4169	2577
4170	2580
4171	2580
4174	2581
4175	2581
4176	2582
4178	2582
4180	2586
4181	2586
4182	2587
4184	2587
4185	2590
4187	2590
4188	2591
4190	2591
4192	2593
4193	2593
4194	2594
4196	2594
4198	2596
4199	2596
4200	2599
4203	2601
4204	2601
4206	2604
4207	2604
4210	2606
4211	2606
4212	2607
4214	2607
4217	2609
4218	2610
4220	2610
4221	2612
4223	2612
4224	2613
4226	2613
4227	2615
4228	2615
4230	2617
4231	2617
4234	2620
4236	2621
4238	2621
4239	2622
4240	2622
4243	2623
4244	2623
4245	2626
4246	2626
4249	2628
4250	2628
4251	2631
4252	2631
4254	2633
4256	2633
4257	2634
4258	2634
4261	2635
4262	2635
4263	2638
4264	2638
4267	2639
4268	2639
4269	2640
4271	2640
4273	2642
4274	2642
4275	2643
4276	2643
4279	2645
4280	2645
4281	2648
4282	2648
4285	2649
4286	2649
4287	2650
4289	2650
4291	2651
4294	2654
4295	2654
4298	2656
4299	2658
4301	2658
4302	2659
4304	2659
4305	2662
4307	2662
4308	2663
4310	2663
4311	2666
4313	2666
4314	2667
4316	2667
4317	2668
4318	2668
4321	2669
4322	2669
4323	2672
4324	2672
4327	2674
4329	2676
4331	2676
4333	2678
4334	2678
4335	2679
4337	2679
4338	2680
4341	2682
4343	2682
4344	2683
4345	2683
4348	2685
4349	2685
4350	2688
4351	2688
4354	2689
4355	2689
4358	2690
4359	2692
4360	2692
4363	2693
4364	2693
4365	2694
4367	2694
4369	2696
4370	2696
4372	2697
4373	2697
4375	2700
4376	2700
4377	2703
4378	2703
4380	2705
4381	2705
4383	2708
4384	2708
4387	2709
4388	2709
4391	2712
4393	2714
4394	2714
4395	2717
4396	2717
4398	2720
4399	2720
4401	2721
4402	2721
4404	2723
4406	2723
4407	2724
4408	2724
4411	2725
4412	2725
4413	2728
4414	2728
4417	2729
4418	2729
4419	2730
4421	2730
4423	2732
4424	2732
4426	2733
4427	2733
4430	2736
4431	2737
4432	2737
4434	2739
4435	2739
4437	2742
4438	2742
4441	2743
4442	2743
4443	2746
4444	2746
4447	2747
4448	2747
4449	2748
4451	2748
4452	2750
4454	2750
4455	2751
4457	2751
4458	2754
4461	2755
4463	2755
4465	2757
4466	2757
4467	2758
4469	2758
4471	2760
4472	2760
4475	2762
4476	2763
4479	2765
4480	2765
4482	2768
4483	2768
4486	2770
4487	2770
4490	2771
4492	2773
4493	2773
4494	2774
4496	2774
4497	2776
4499	2776
4500	2777
4502	2777
4504	2779
4505	2779
4506	2780
4508	2780
4510	2782
4513	2783
4514	2783
4515	2784
4517	2784
4519	2786
4520	2786
4521	2787
4523	2787
4524	2788
4525	2788
4527	2791
4528	2791
4531	2794
4532	2794
4533	2795
4535	2795
4538	2797
4539	2799
4540	2799
4542	2801
4544	2801
4545	2802
4546	2802
4549	2803
4552	2805
4553	2805
4555	2808
4556	2808
4558	2810
4559	2810
4560	2812
4562	2812
4563	2813
4564	2813
4567	2818
4568	2818
4569	2819
4571	2819
4573	2821
4574	2821
4575	2822
4577	2822
4578	2823
4580	2823
4581	2824
4582	2824
4584	2826
4586	2826
4587	2827
4588	2827
4591	2832
4592	2832
4593	2833
4595	2833
4596	2835
4599	2837
4600	2837
4602	2840
4603	2840
4605	2841
4607	2841
4608	2842
4609	2842
4611	2844
4614	2845
4616	2845
4617	2848
4619	2848
4620	2849
4622	2849
4623	2851
4626	2853
4627	2853
4629	2856
4630	2856
4632	2857
4634	2857
4635	2858
4636	2858
4639	2859
4640	2859
4641	2862
4642	2862
4645	2863
4648	2866
4649	2866
4652	2868
4653	2870
4655	2870
4656	2871
4657	2871
4660	2874
4661	2874
4662	2875
4664	2875
4666	2877
4667	2877
4668	2878
4670	2878
4671	2880
4673	2880
4674	2881
4676	2881
4678	2883
4679	2883
4680	2884
4682	2884
4684	2886
4685	2886
4686	2888
4688	2888
4689	2889
4691	2889
4692	2891
4693	2891
4695	2893
4698	2896
4699	2896
4701	2898
4703	2898
4704	2899
4706	2899
4708	2901
4709	2901
4710	2904
4711	2904
4714	2905
4715	2905
4716	2908
4717	2908
4720	2910
4723	2911
4724	2911
4726	2914
4727	2914
4728	2915
4730	2915
4731	2916
4732	2916
4734	2918
4736	2918
4737	2919
4738	2919
4741	2922
4742	2922
4743	2923
4745	2923
4748	2925
4749	2926
4751	2926
4753	2928
4754	2928
4755	2929
4757	2929
4758	2930
4759	2930
4761	2932
4763	2932
4764	2933
4765	2933
4768	2936
4769	2936
4770	2937
4772	2937
4775	2939
4776	2940
4778	2940
4779	2941
4780	2941
4784	2943
4785	2944
4786	2944
4789	2945
4790	2945
4793	2947
4794	2950
4795	2950
4798	2951
4799	2951
4802	2952
4805	2953
4806	2954
4807	2954
4809	2956
4812	2957
4814	2957
4816	2959
4817	2959
4819	2964
4820	2964
4821	2966
4823	2966
4824	2967
4826	2967
4827	2969
4828	2969
4830	2971
4832	2971
4833	2972
4834	2972
4836	2974
4838	2974
4839	2975
4841	2975
4842	2977
4844	2977
4845	2978
4846	2978
4848	2980
4850	2980
4851	2981
4852	2981
4854	2983
4856	2983
4857	2985
4858	2985
4860	2987
4861	2987
4863	2990
4864	2990
4866	2991
4868	2991
4869	2992
4870	2992
4872	2994
4874	2994
4875	2995
4877	2995
4879	2997
4880	2997
4881	3000
4882	3000
4885	3001
4886	3001
4887	3002
4889	3002
4891	3003
4894	3006
4895	3006
4896	3010
4898	3010
4899	3011
4901	3011
4903	3015
4906	3018
4907	3018
4908	3022
4911	3023
4912	3023
4915	3026
4916	3026
4917	3027
4919	3027
4921	3029
4922	3029
4923	3030
4925	3030
4926	3031
4928	3031
4929	3032
4930	3032
4932	3034
4934	3034
4935	3035
4939	3037
4942	3040
4943	3040
4944	3041
4946	3041
4947	3043
4948	3043
4950	3045
4951	3045
4953	3048
4954	3048
4957	3051
4958	3051
4959	3052
4961	3052
4963	3054
4964	3054
4965	3055
4968	3056
4969	3056
4971	3058
4973	3058
4974	3059
4975	3059
4978	3062
4979	3062
4980	3063
4985	3065
4986	3066
4988	3066
4989	3067
4990	3067
4992	3069
4994	3069
4995	3070
4996	3070
4999	3071
5000	3071
5002	3073
5003	3073
5004	3075
5006	3075
5007	3076
5008	3076
5010	3078
5013	3079
5015	3079
5016	3081
5018	3081
5019	3082
5020	3082
5022	3084
5024	3084
5025	3085
5026	3085
5029	3088
5030	3088
5031	3090
5033	3090
5034	3091
5036	3091
5037	3093
5038	3093
5040	3095
5042	3095
5043	3096
5044	3096
5046	3098
5048	3098
5049	3099
5051	3099
5052	3101
5055	3102
5056	3102
5059	3103
5060	3103
5061	3106
5062	3106
5065	3107
5066	3107
5069	3110
5071	3112
5072	3112
5073	3118
5074	3118
5076	3119
5077	3119
5079	3121
5081	3121
5082	3122
5083	3122
5086	3123
5087	3123
5088	3126
5089	3126
5092	3127
5093	3127
5094	3128
5096	3128
5098	3130
5099	3130
5101	3131
5102	3131
5105	3134
5106	3135
5107	3135
5109	3140
5110	3140
5113	3141
5114	3141
5116	3144
5117	3144
5119	3146
5120	3146
5121	3149
5122	3149
5124	3152
5125	3152
5127	3153
5128	3153
5130	3155
5132	3155
5133	3156
5134	3156
5137	3157
5138	3157
5139	3159
5141	3159
5142	3160
5143	3160
5146	3161
5147	3161
5148	3164
5149	3164
5152	3165
5153	3165
5154	3168
5155	3168
5158	3169
5159	3169
5162	3170
5163	3172
5165	3172
5166	3173
5168	3173
5170	3175
5171	3175
5172	3176
5174	3176
5176	3178
5179	3179
5180	3179
5181	3180
5183	3180
5185	3182
5186	3182
5187	3183
5189	3183
5190	3184
5193	3187
5194	3187
5198	3190
5200	3191
5202	3193
5204	3193
5205	3194
5206	3194
5209	3195
5212	3197
5213	3197
5215	3200
5216	3200
5218	3202
5219	3202
5220	3204
5222	3204
5223	3205
5224	3205
5227	3210
5228	3210
5229	3211
5231	3211
5233	3213
5234	3213
5235	3214
5237	3214
5238	3215
5240	3215
5241	3216
5244	3218
5246	3218
5247	3219
5248	3219
5251	3221
5252	3221
5253	3224
5254	3224
5257	3225
5258	3225
5261	3226
5263	3227
5264	3227
5266	3232
5267	3232
5268	3234
5270	3234
5271	3235
5273	3235
5275	3237
5277	3239
5279	3239
5280	3240
5281	3240
5283	3242
5285	3242
5286	3243
5288	3243
5289	3246
5291	3246
5292	3247
5294	3247
5296	3249
5297	3249
5298	3250
5300	3250
5301	3252
5302	3252
5305	3254
5308	3255
5309	3255
5310	3256
5312	3256
5314	3258
5315	3258
5317	3259
5318	3259
5319	3262
5324	3264
5325	3265
5327	3265
5328	3266
5329	3266
5331	3268
5334	3269
5336	3269
5339	3271
5340	3274
5341	3274
5344	3275
5345	3275
5346	3276
5348	3276
5350	3277
5351	3277
5353	3280
5354	3280
5356	3282
5357	3282
5358	3284
5360	3284
5361	3285
5363	3285
5364	3289
5366	3289
5367	3290
5368	3290
5370	3292
5372	3292
5373	3293
5374	3293
5377	3295
5380	3298
5381	3298
5382	3299
5384	3299
5385	3301
5388	3303
5389	3303
5391	3306
5392	3306
5395	3309
5396	3309
5397	3310
5399	3310
5401	3312
5402	3312
5403	3313
5404	3313
5407	3316
5408	3316
5409	3317
5410	3317
5414	3319
5415	3320
5416	3320
5419	3321
5420	3321
5421	3323
5423	3323
5424	3324
5425	3324
5427	3326
5430	3327
5432	3327
5434	3330
5435	3330
5438	3331
5439	3332
5440	3332
5442	3334
5444	3334
5445	3335
5449	3338
5450	3338
5451	3339
5453	3339
5456	3341
5457	3342
5459	3342
5460	3343
5461	3343
5465	3345
5466	3346
5467	3346
5470	3347
5471	3347
5473	3349
5474	3349
5475	3352
5476	3352
5479	3353
5480	3353
5483	3354
5486	3355
5487	3356
5488	3356
5490	3358
5493	3359
5495	3359
5500	3366
5501	3366
5502	3368
5504	3368
5505	3369
5507	3369
5508	3371
5509	3371
5511	3373
5513	3373
5514	3374
5515	3374
5519	3376
5520	3377
5522	3377
5523	3379
5525	3379
5526	3380
5527	3380
5529	3382
5531	3382
5533	3383
5535	3385
5537	3385
5538	3387
5539	3387
5541	3389
5542	3389
5544	3392
5545	3392
5548	3393
5549	3393
5550	3399
5551	3399
5553	3401
5555	3401
5556	3402
5557	3402
5559	3404
5561	3404
5562	3405
5564	3405
5566	3407
5567	3407
5568	3410
5572	3411
5573	3411
5574	3412
5576	3412
5578	3413
5581	3416
5582	3416
5585	3420
5586	3421
5588	3421
5589	3426
5591	3426
5592	3427
5594	3427
5596	3429
5597	3429
5598	3430
5600	3430
5601	3433
5602	3433
5604	3436
5605	3436
5608	3437
5611	3440
5612	3440
5613	3444
5615	3444
5616	3445
5617	3445
5620	3448
5621	3448
5622	3449
5624	3449
5626	3451
5627	3451
5628	3452
5630	3452
5631	3453
5632	3453
5634	3453
5635	3455
5640	3458
5641	3460
5643	3461
5645	3462
5648	3464
5649	3465
5654	3468
5656	3469
5657	3473
5659	3474
5660	3474
5662	3474
5663	3475
5666	3478
5669	3482
5671	3483
5674	3485
5675	3487
5676	3487
5680	3488
5681	3489
5683	3490
5684	3490
5685	3490
5688	3493
5689	3494
5691	3494
5692	3494
5694	3495
5696	3496
5697	3500
5700	3503
5701	3504
5704	3506
5706	3507
5708	3508
5709	3510
5712	3513
5713	3515
5715	3515
5716	3515
5718	3517
5719	3518
5721	3518
5722	3518
5724	3519
5726	3520
5727	3523
5729	3524
5731	3525
5736	3529
5737	3530
5739	3530
5742	3532
5743	3532
5746	3533
5748	3535
5749	3535
5752	3536
5753	3537
5754	3537
5756	3537
5757	3539
5761	3542
5763	3542
5765	3543
5768	3545
5770	3546
5773	3549
5776	3551
5777	3552
5779	3553
5780	3553
5781	3553
5784	3556
5785	3557
5787	3557
5788	3557
5790	3559
5791	3559
5794	3560
5796	3561
5797	3563
5801	3564
5803	3565
5804	3565
5805	3565
5807	3567
5810	3569
5814	3571
5815	3573
5820	3576
5821	3578
5823	3578
5824	3578
5826	3579
5828	3580
5829	3583
5831	3584
5833	3585
5836	3587
5837	3589
5838	3589
5839	3589
5844	3592
5847	3593
5848	3593
5850	3596
5851	3597
5856	3598
5857	3600
5858	3600
5860	3600
5861	3601
5864	3604
5865	3605
5867	3605
5868	3605
5870	3606
5872	3607
5873	3610
5875	3611
5877	3612
5880	3614
5882	3616
5884	3619
5885	3619
5888	3620
5889	3621
5890	3621
5893	3623
5896	3624
5897	3626
5899	3626
5900	3626
5901	3627
5902	3627
5904	3627
5905	3629
5907	3630
5910	3632
5911	3634
5913	3635
5915	3636
5918	3638
5921	3640
5922	3640
5924	3641
5926	3642
5927	3645
5929	3646
5930	3646
5931	3646
5933	3648
5934	3648
5936	3648
5937	3649
5940	3652
5941	3655
5942	3655
5943	3655
5946	3656
5947	3657
5948	3657
5950	3657
5951	3659
5953	3660
5956	3661
5957	3661
5958	3661
5960	3664
5961	3664
5962	3664
5964	3665
5965	3666
5968	3668
5971	3671
5973	3672
5976	3674
5978	3676
5979	3676
5980	3676
5982	3677
5983	3678
5986	3680
5987	3683
5989	3684
5992	3686
5993	3687
5996	3688
5997	3688
5998	3688
5999	3691
6004	3694
6005	3695
6007	3695
6008	3695
6010	3696
6012	3697
6013	3700
6015	3701
6018	3704
6019	3705
6022	3708
6023	3710
6025	3710
6026	3710
6028	3712
6029	3713
6031	3713
6032	3713
6034	3715
6035	3715
6036	3715
6038	3716
6039	3717
6040	3717
6043	3719
6046	3720
6047	3722
6049	3722
6051	3723
6053	3724
6054	3724
6055	3724
6057	3726
6060	3728
6062	3729
6064	3730
6065	3732
6071	3737
6073	3737
6074	3737
6075	3738
6076	3738
6078	3738
6079	3740
6084	3743
6087	3746
6089	3747
6092	3749
6094	3751
6095	3754
6097	3755
6099	3756
6102	3758
6103	3760
6104	3760
6105	3760
6108	3761
6110	3763
6111	3764
6113	3764
6114	3764
6115	3765
6118	3767
6120	3768
6122	3769
6123	3771
6126	3774
6127	3776
6129	3776
6130	3776
6132	3778
6133	3779
6135	3779
6136	3779
6138	3780
6140	3781
6141	3784
6143	3785
6145	3786
6148	3788
6150	3790
6151	3791
6153	3791
6156	3793
6157	3793
6162	3796
6163	3796
6166	3797
6167	3798
6168	3798
6170	3798
6171	3800
6174	3801
6175	3803
6177	3803
6178	3803
6180	3806
6181	3807
6182	3807
6184	3807
6185	3809
6188	3810
6189	3812
6191	3812
6192	3812
6193	3813
6195	3814
6196	3814
6197	3814
6199	3816
6202	3817
6203	3817
6204	3817
6205	3819
6206	3819
6208	3819
6209	3820
6211	3822
6216	3825
6218	3826
6219	3829
6221	3830
6223	3831
6224	3831
6226	3831
6227	3832
6229	3834
6230	3834
6232	3834
6233	3836
6235	3838
6237	3839
6239	3840
6242	3842
6243	3843
6246	3844
6247	3844
6248	3844
6249	3846
6252	3848
6256	3850
6257	3853
6262	3856
6263	3857
6265	3857
6266	3857
6267	3858
6270	3860
6274	3862
6275	3864
6278	3867
6279	3869
6281	3869
6282	3869
6283	3870
6284	3870
6286	3870
6287	3872
6289	3873
6292	3875
6293	3877
6295	3878
6297	3879
6300	3881
6303	3883
6304	3883
6306	3884
6307	3885
6308	3885
6310	3885
6311	3887
6314	3888
6315	3890
6317	3890
6318	3890
6319	3891
6321	3892
6322	3892
6323	3892
6325	3894
6327	3897
6328	3897
6330	3897
6331	3898
6334	3900
6336	3901
6337	3904
6339	3905
6341	3906
6342	3906
6344	3906
6347	3910
6348	3910
6349	3910
6352	3911
6353	3912
6356	3914
6358	3915
6364	3920
6365	3921
6367	3922
6368	3922
6369	3922
6372	3925
6373	3925
6374	3925
6376	3926
6377	3927
6380	3929
6381	3932
6386	3935
6387	3936
6390	3938
6392	3939
6394	3940
6395	3942
6398	3944
6399	3945
6401	3946
6402	3946
6403	3946
6405	3949
6406	3949
6407	3949
6410	3950
6412	3951
6413	3953
6416	3953
6417	3954
6419	3955
6421	3955
6423	3957
6426	3958
6427	3958
6428	3958
6429	3961
6431	3963
6436	3966
6438	3967
6441	3971
6443	3972
6444	3972
6446	3972
6447	3973
6449	3976
6450	3976
6451	3976
6454	3977
6455	3978
6458	3980
6460	3981
6461	3984
6464	3986
6465	3987
6467	3988
6468	3988
6469	3988
6472	3991
6473	3992
6475	3992
6476	3992
6478	3993
6480	3994
6481	3997
6483	3998
6486	4001
6488	4002
6490	4003
6491	4006
6493	4007
6495	4008
6498	4010
6499	4012
6500	4012
6501	4012
6504	4013
6506	4015
6509	4016
6510	4016
6511	4018
6513	4018
6516	4019
6517	4020
6519	4021
6520	4021
6521	4021
6523	4023
6527	4024
6528	4024
6529	4026
6530	4026
6532	4026
6533	4027
6535	4029
6536	4029
6538	4029
6539	4031
6544	4034
6545	4036
6547	4037
6549	4038
6552	4040
6553	4041
6558	4044
6560	4045
6561	4049
6563	4050
6564	4050
6566	4050
6567	4051
6570	4054
6571	4057
6573	4058
6575	4059
6578	4061
6579	4063
6580	4063
6581	4063
6584	4064
6585	4065
6587	4066
6588	4066
6589	4066
6592	4069
6593	4070
6595	4070
6596	4070
6598	4071
6600	4072
6602	4079
6603	4080
6606	4082
6608	4083
6610	4084
6611	4086
6615	4091
6617	4091
6618	4091
6620	4093
6621	4094
6623	4094
6624	4094
6626	4095
6628	4096
6629	4099
6631	4100
6633	4101
6636	4103
6638	4105
6639	4106
6641	4106
6644	4108
6645	4108
6648	4109
6650	4111
6651	4111
6654	4112
6655	4113
6656	4113
6658	4113
6659	4115
6662	4116
6663	4118
6665	4118
6666	4118
6668	4120
6669	4121
6671	4121
6672	4121
6674	4123
6675	4123
6676	4123
6680	4125
6681	4127
6685	4128
6687	4129
6688	4129
6689	4129
6691	4131
6694	4133
6696	4134
6698	4135
6699	4137
6704	4140
6705	4142
6707	4142
6708	4142
6710	4143
6712	4144
6713	4147
6715	4148
6717	4149
6720	4151
6721	4153
6722	4153
6723	4153
6726	4154
6728	4156
6731	4157
6732	4157
6734	4160
6735	4161
6740	4162
6741	4164
6742	4164
6744	4164
6745	4165
6748	4168
6749	4169
6751	4169
6752	4169
6754	4170
6756	4171
6757	4174
6759	4175
6761	4176
6764	4178
6766	4180
6767	4180
6770	4181
6772	4182
6773	4184
6775	4184
6776	4184
6777	4185
6778	4185
6780	4185
6781	4187
6783	4188
6787	4192
6789	4193
6791	4194
6794	4196
6797	4198
6798	4198
6802	4200
6803	4203
6805	4204
6806	4204
6807	4204
6809	4206
6810	4206
6812	4206
6813	4207
6816	4210
6817	4210
6818	4210
6820	4211
6821	4212
6824	4214
6825	4217
6827	4218
6830	4220
6831	4221
6832	4221
6834	4221
6835	4223
6838	4224
6839	4226
6841	4226
6842	4226
6843	4227
6846	4228
6847	4228
6849	4230
6852	4231
6853	4231
6854	4231
6855	4234
6857	4236
6862	4239
6864	4240
6865	4243
6867	4244
6869	4245
6870	4245
6872	4245
6873	4246
6876	4249
6877	4249
6878	4249
6880	4250
6881	4251
6884	4252
6885	4252
6886	4252
6887	4254
6890	4256
6892	4257
6894	4258
6895	4261
6902	4264
6903	4267
6905	4268
6907	4269
6910	4271
6911	4273
6912	4273
6913	4273
6916	4274
6917	4275
6919	4276
6920	4276
6921	4276
6924	4279
6925	4280
6927	4280
6928	4280
6930	4281
6932	4282
6933	4285
6935	4286
6937	4287
6940	4289
6942	4291
6944	4294
6945	4294
6948	4295
6950	4298
6951	4299
6952	4299
6954	4299
6955	4301
6958	4302
6959	4304
6961	4304
6962	4304
6963	4305
6964	4305
6966	4305
6967	4307
6972	4310
6973	4311
6977	4314
6982	4317
6984	4318
6985	4321
6987	4322
6989	4323
6990	4323
6992	4323
6993	4324
6996	4327
6997	4329
7001	4333
7002	4333
7003	4333
7006	4334
7007	4335
7010	4337
7012	4338
7013	4341
7016	4343
7017	4344
7019	4345
7020	4345
7021	4345
7024	4348
7025	4349
7027	4349
7028	4349
7030	4350
7032	4351
7033	4354
7035	4355
7038	4358
7040	4359
7042	4360
7043	4363
7045	4364
7047	4365
7050	4367
7052	4369
7053	4369
7056	4370
7058	4372
7061	4373
7062	4373
7063	4375
7065	4375
7068	4376
7069	4377
7071	4378
7072	4378
7073	4378
7075	4380
7079	4381
7080	4381
7081	4383
7082	4383
7084	4383
7085	4384
7088	4387
7089	4388
7091	4388
7092	4388
7094	4391
7096	4393
7097	4393
7098	4393
7100	4394
7101	4395
7104	4396
7106	4396
7107	4398
7108	4398
7110	4398
7111	4399
7113	4401
7116	4402
7117	4402
7118	4402
7119	4404
7122	4406
7124	4407
7126	4408
7127	4411
7132	4413
7134	4414
7135	4417
7137	4418
7139	4419
7142	4421
7143	4423
7144	4423
7145	4423
7148	4424
7150	4426
7153	4427
7154	4427
7156	4430
7157	4431
7159	4432
7160	4432
7161	4432
7163	4434
7167	4435
7168	4435
7169	4437
7170	4437
7172	4437
7173	4438
7176	4441
7177	4442
7179	4442
7180	4442
7182	4443
7184	4444
7185	4447
7187	4448
7192	4451
7193	4452
7194	4452
7196	4452
7197	4454
7200	4455
7201	4457
7203	4457
7204	4457
7205	4458
7206	4458
7208	4458
7209	4461
7212	4463
7213	4465
7215	4466
7217	4467
7220	4469
7223	4471
7224	4471
7227	4475
7230	4476
7231	4479
7233	4480
7234	4480
7235	4480
7237	4482
7238	4482
7240	4482
7241	4483
7244	4486
7245	4486
7246	4486
7248	4487
7250	4490
7253	4493
7255	4494
7258	4496
7259	4497
7260	4497
7262	4497
7263	4499
7269	4504
7271	4505
7273	4506
7276	4508
7278	4510
7279	4513
7281	4514
7283	4515
7286	4517
7287	4519
7288	4519
7289	4519
7292	4520
7293	4521
7298	4524
7301	4527
7303	4528
7304	4528
7305	4528
7308	4531
7309	4531
7310	4531
7312	4532
7313	4533
7317	4538
7319	4539
7322	4540
7323	4540
7324	4540
7325	4542
7328	4544
7330	4545
7332	4546
7333	4549
7336	4552
7337	4553
7340	4553
7341	4555
7342	4555
7343	4555
7346	4556
7348	4558
7350	4558
7352	4559
7353	4560
7354	4560
7356	4560
7357	4562
7359	4563
7362	4564
7363	4564
7364	4564
7367	4567
7368	4567
7370	4568
7371	4569
7374	4571
7377	4574
7379	4575
7382	4577
7383	4578
7386	4580
7388	4581
7390	4582
7391	4584
7394	4586
7395	4587
7397	4588
7398	4588
7399	4588
7401	4591
7402	4591
7403	4591
7406	4592
7409	4595
7412	4595
7415	4599
7418	4600
7419	4600
7420	4600
7421	4602
7424	4602
7425	4603
7427	4605
7430	4607
7432	4608
7434	4609
7435	4611
7438	4614
7439	4616
7441	4616
7442	4616
7443	4617
7444	4617
7446	4617
7447	4619
7450	4620
7451	4622
7453	4622
7454	4622
7455	4623
7457	4626
7460	4627
7461	4627
7462	4627
7464	4629
7466	4629
7467	4630
7469	4632
7474	4635
7476	4636
7477	4639
7479	4640
7481	4641
7482	4641
7484	4641
7485	4642
7488	4645
7489	4648
7490	4648
7491	4648
7494	4649
7496	4652
7497	4653
7498	4653
7500	4653
7501	4655
7503	4656
7506	4657
7507	4657
7508	4657
7510	4660
7511	4660
7512	4660
7515	4662
7518	4664
7521	4667
7523	4668
7526	4670
7527	4671
7528	4671
7530	4671
7531	4673
7533	4674
7536	4676
7537	4678
7539	4679
7541	4680
7544	4682
7547	4684
7548	4684
7550	4685
7551	4686
7552	4686
7554	4686
7555	4688
7558	4689
7559	4691
7561	4691
7562	4691
7563	4692
7565	4693
7566	4693
7567	4693
7569	4695
7571	4698
7572	4698
7574	4698
7575	4699
7577	4701
7578	4701
7580	4701
7581	4703
7586	4706
7587	4708
7592	4710
7594	4711
7595	4714
7597	4715
7599	4716
7600	4716
7602	4716
7606	4720
7607	4723
7611	4726
7612	4726
7613	4726
7616	4727
7617	4728
7620	4730
7622	4731
7628	4736
7629	4737
7631	4738
7632	4738
7633	4738
7636	4741
7637	4741
7638	4741
7640	4742
7641	4743
7644	4745
7645	4748
7650	4751
7651	4753
7652	4753
7653	4753
7656	4754
7657	4755
7660	4757
7662	4758
7665	4761
7668	4763
7669	4764
7671	4765
7672	4765
7673	4765
7676	4768
7677	4768
7678	4768
7680	4769
7681	4770
7684	4772
7685	4775
7687	4776
7690	4778
7691	4779
7694	4780
7695	4780
7696	4780
7698	4784
7700	4785
7702	4786
7703	4789
7707	4793
7709	4793
7710	4793
7712	4794
7714	4795
7715	4798
7717	4799
7720	4802
7724	4806
7726	4807
7727	4809
7730	4812
7731	4814
7733	4814
7734	4814
7736	4816
7737	4817
7739	4817
7740	4817
7742	4819
7743	4819
7744	4819
7746	4820
7747	4821
7748	4821
7751	4823
7754	4824
7755	4826
7757	4826
7759	4827
7761	4828
7762	4828
7763	4828
7765	4830
7768	4832
7770	4833
7772	4834
7773	4836
7778	4839
7779	4841
7782	4841
7783	4842
7786	4844
7788	4845
7790	4846
7791	4848
7794	4850
7797	4852
7798	4852
7799	4852
7802	4854
7803	4856
7806	4856
7807	4857
7811	4858
7813	4860
7816	4861
7817	4861
7818	4861
7822	4863
7823	4864
7825	4866
7828	4868
7830	4869
7833	4872
7838	4875
7839	4877
7841	4877
7842	4877
7844	4879
7845	4880
7847	4880
7848	4880
7850	4881
7852	4882
7853	4885
7855	4886
7857	4887
7860	4889
7862	4891
7864	4894
7865	4894
7868	4895
7869	4896
7870	4896
7872	4896
7873	4898
7876	4899
7877	4901
7879	4901
7880	4901
7882	4903
7883	4906
7884	4906
7885	4906
7888	4907
7889	4908
7890	4908
7892	4908
7893	4911
7896	4912
7897	4912
7898	4912
7900	4915
7901	4915
7902	4915
7904	4916
7905	4917
7908	4919
7911	4922
7913	4923
7916	4925
7917	4926
7920	4928
7922	4929
7924	4930
7925	4932
7928	4934
7929	4935
7932	4939
7933	4942
7934	4942
7935	4942
7938	4943
7940	4944
7941	4946
7944	4946
7945	4947
7947	4948
7948	4948
7949	4948
7951	4950
7954	4951
7955	4951
7956	4951
7957	4953
7958	4953
7960	4953
7961	4954
7963	4957
7965	4958
7967	4959
7970	4961
7971	4963
7972	4963
7973	4963
7980	4968
7983	4971
7986	4973
7987	4974
7989	4975
7990	4975
7991	4975
7994	4978
7995	4978
7996	4978
7998	4979
7999	4980
8001	4985
8003	4986
8006	4988
8007	4989
8010	4990
8011	4990
8012	4990
8018	4995
8020	4996
8021	4999
8026	5002
8027	5003
8029	5003
8030	5003
8034	5006
8036	5007
8038	5008
8039	5010
8042	5013
8043	5015
8045	5015
8046	5015
8047	5016
8050	5018
8052	5019
8055	5022
8059	5025
8061	5026
8062	5026
8063	5026
8066	5029
8067	5029
8068	5029
8070	5030
8072	5031
8075	5033
8078	5034
8081	5036
8083	5037
8085	5038
8086	5038
8087	5038
8089	5040
8094	5043
8096	5044
8097	5046
8103	5051
8105	5051
8106	5051
8107	5052
8110	5055
8112	5056
8113	5059
8115	5060
8117	5061
8118	5061
8120	5061
8121	5062
8124	5065
8125	5066
8127	5066
8128	5066
8130	5069
8132	5071
8133	5071
8134	5071
8136	5072
8137	5073
8138	5073
8140	5073
8143	5076
8146	5077
8147	5077
8148	5077
8149	5079
8152	5081
8154	5082
8156	5083
8157	5086
8162	5088
8164	5089
8165	5092
8167	5093
8169	5094
8172	5096
8173	5098
8174	5098
8175	5098
8178	5099
8180	5101
8183	5102
8184	5102
8186	5105
8187	5106
8189	5107
8190	5107
8191	5107
8193	5109
8194	5109
8196	5109
8197	5110
8200	5113
8201	5114
8203	5114
8204	5114
8205	5116
8206	5116
8207	5116
8210	5117
8212	5119
8213	5119
8214	5119
8216	5120
8217	5121
8220	5122
8221	5122
8222	5122
8223	5124
8224	5124
8226	5124
8227	5125
8229	5127
8232	5128
8233	5128
8234	5128
8235	5130
8238	5132
8240	5133
8242	5134
8243	5137
8247	5139
8252	5142
8255	5146
8257	5147
8259	5148
8260	5148
8262	5148
8263	5149
8266	5152
8267	5153
8269	5153
8270	5153
8272	5154
8275	5158
8277	5159
8280	5162
8281	5163
8282	5163
8284	5163
8285	5165
8290	5168
8291	5170
8293	5171
8295	5172
8298	5174
8300	5176
8301	5179
8303	5180
8305	5181
8308	5183
8309	5185
8310	5185
8311	5185
8314	5186
8315	5187
8320	5190
8321	5193
8323	5194
8324	5194
8325	5194
8328	5198
8330	5200
8331	5200
8332	5200
8333	5202
8338	5205
8340	5206
8341	5209
8344	5212
8345	5213
8348	5213
8349	5215
8350	5215
8351	5215
8354	5216
8356	5218
8358	5218
8360	5219
8361	5220
8362	5220
8364	5220
8365	5222
8367	5223
8370	5224
8371	5224
8374	5227
8375	5227
8376	5227
8378	5228
8379	5229
8382	5231
8385	5234
8387	5235
8390	5237
8391	5238
8394	5240
8396	5241
8397	5244
8400	5246
8401	5247
8403	5248
8404	5248
8405	5248
8408	5251
8409	5252
8411	5252
8412	5252
8414	5253
8416	5254
8417	5257
8419	5258
8422	5261
8424	5263
8425	5264
8427	5264
8428	5264
8430	5266
8431	5266
8432	5266
8434	5267
8435	5268
8436	5268
8439	5270
8442	5271
8443	5273
8445	5273
8447	5275
8448	5275
8449	5275
8451	5277
8454	5279
8456	5280
8458	5281
8459	5283
8464	5286
8465	5288
8467	5288
8468	5288
8469	5289
8470	5289
8472	5289
8473	5291
8478	5294
8479	5296
8481	5297
8483	5298
8486	5300
8487	5301
8488	5301
8490	5301
8491	5302
8494	5305
8495	5308
8497	5309
8499	5310
8502	5312
8503	5314
8504	5314
8505	5314
8508	5315
8510	5317
8511	5318
8513	5318
8514	5318
8516	5319
8518	5324
8519	5325
8522	5327
8524	5328
8526	5329
8527	5331
8530	5334
8531	5336
8533	5336
8535	5339
8537	5339
8538	5339
8540	5340
8542	5341
8543	5344
8545	5345
8547	5346
8550	5348
8552	5350
8553	5351
8555	5351
8558	5353
8559	5353
8562	5354
8564	5356
8565	5356
8568	5357
8569	5358
8570	5358
8573	5360
8576	5361
8577	5363
8579	5363
8580	5363
8581	5364
8584	5366
8586	5367
8588	5368
8589	5370
8592	5372
8593	5373
8595	5374
8596	5374
8597	5374
8600	5377
8601	5380
8602	5380
8603	5380
8606	5381
8608	5382
8609	5384
8612	5384
8613	5385
8615	5388
8618	5389
8619	5389
8620	5389
8621	5391
8622	5391
8624	5391
8625	5392
8627	5395
8629	5396
8631	5397
8634	5399
8635	5401
8636	5401
8637	5401
8640	5402
8641	5403
8643	5404
8644	5404
8645	5404
8648	5407
8649	5407
8650	5407
8652	5408
8653	5409
8656	5410
8657	5410
8660	5414
8662	5415
8664	5416
8665	5419
8674	5424
8676	5425
8677	5427
8680	5430
8681	5432
8683	5432
8684	5432
8685	5434
8686	5434
8687	5434
8690	5435
8692	5438
8694	5439
8697	5442
8700	5444
8701	5445
8704	5449
8705	5449
8706	5449
8708	5450
8709	5451
8712	5453
8713	5456
8715	5457
8718	5459
8719	5460
8722	5461
8723	5461
8724	5461
8726	5465
8728	5466
8730	5467
8731	5470
8736	5473
8737	5474
8739	5474
8740	5474
8742	5475
8744	5476
8745	5479
8747	5480
8750	5483
8752	5486
8754	5487
8756	5488
8757	5490
8760	5493
8761	5495
8763	5495
8764	5495
8766	5500
8767	5500
8768	5500
8770	5501
8771	5502
8772	5502
8775	5504
8778	5505
8779	5507
8781	5507
8783	5508
8785	5509
8786	5509
8787	5509
8789	5511
8792	5513
8794	5514
8796	5515
8800	5520
8801	5522
8803	5522
8804	5522
8805	5523
8808	5525
8810	5526
8812	5527
8813	5529
8816	5531
8817	5533
8818	5533
8819	5533
8822	5535
8823	5537
8826	5537
8827	5538
8831	5539
8833	5541
8836	5542
8837	5542
8838	5542
8842	5544
8843	5545
8846	5548
8847	5549
8849	5549
8850	5549
8851	5550
8853	5551
8854	5551
8855	5551
8857	5553
8860	5555
8862	5556
8864	5557
8865	5559
8870	5562
8871	5564
8873	5564
8874	5564
8876	5566
8877	5567
8879	5567
8880	5567
8882	5568
8883	5572
8885	5573
8887	5574
8890	5576
8892	5578
8894	5581
8895	5581
8898	5582
8899	5585
8902	5586
8903	5588
8905	5588
8907	5589
8908	5589
8910	5589
8911	5591
8916	5594
8917	5596
8919	5597
8921	5598
8924	5600
8925	5601
8927	5602
8928	5602
8929	5602
8931	5604
8932	5604
8934	5604
8935	5605
8938	5608
8939	5611
8940	5611
8941	5611
8944	5612
8945	5613
8946	5613
8949	5615
8951	5616
8954	5617
8955	5617
8956	5617
8958	5620
8959	5620
8960	5620
8962	5621
8963	5622
8966	5624
8969	5627
8971	5628
8974	5630
8975	5631
8977	5631
8978	5632
8979	5632
8981	5634
8983	5634
8984	5635
8985	5635
8988	5640
8989	5640
8990	5641
8992	5641
8993	5643
8996	5645
8997	5645
8999	5648
9000	5648
9003	5649
9004	5649
9006	5654
9007	5654
9010	5656
9011	5657
9012	5657
9014	5659
9016	5659
9017	5660
9018	5660
9020	5662
9022	5662
9023	5663
9025	5663
9026	5666
9028	5666
9029	5669
9032	5671
9033	5671
9035	5674
9036	5674
9038	5675
9040	5675
9041	5676
9042	5676
9044	5680
9045	5680
9047	5681
9048	5681
9050	5683
9052	5683
9053	5684
9054	5684
9057	5685
9058	5685
9059	5688
9061	5688
9062	5689
9064	5689
9066	5691
9067	5691
9068	5692
9070	5692
9072	5694
9073	5694
9076	5696
9077	5697
9078	5697
9080	5700
9081	5700
9084	5701
9087	5704
9088	5704
9091	5706
9092	5708
9094	5708
9095	5709
9096	5709
9099	5712
9100	5712
9101	5713
9103	5713
9105	5715
9106	5715
9107	5716
9109	5716
9110	5718
9112	5718
9113	5719
9115	5719
9117	5721
9118	5721
9119	5722
9121	5722
9123	5724
9124	5724
9125	5726
9127	5726
9128	5727
9130	5727
9131	5729
9132	5729
9134	5731
9137	5736
9139	5736
9140	5737
9142	5737
9144	5739
9145	5739
9146	5742
9147	5742
9150	5743
9151	5743
9152	5746
9153	5746
9156	5748
9159	5749
9160	5749
9162	5752
9163	5752
9164	5753
9166	5753
9167	5754
9168	5754
9170	5756
9172	5756
9173	5757
9174	5757
9176	5761
9178	5761
9181	5763
9183	5765
9184	5765
9187	5768
9189	5770
9190	5770
9191	5773
9192	5773
9194	5776
9195	5776
9197	5777
9198	5777
9200	5779
9202	5779
9203	5780
9204	5780
9207	5781
9208	5781
9209	5784
9211	5784
9212	5785
9214	5785
9216	5787
9217	5787
9220	5788
9222	5790
9225	5791
9226	5791
9228	5794
9229	5794
9231	5796
9232	5796
9233	5797
9235	5797
9236	5801
9237	5801
9239	5803
9241	5803
9242	5804
9243	5804
9246	5805
9249	5807
9250	5807
9252	5810
9253	5810
9254	5814
9256	5814
9257	5815
9258	5815
9261	5820
9262	5820
9263	5821
9265	5821
9267	5823
9268	5823
9269	5824
9271	5824
9274	5826
9275	5828
9277	5828
9278	5829
9280	5829
9281	5831
9282	5831
9284	5833
9285	5833
9287	5836
9288	5836
9290	5837
9292	5837
9293	5838
9294	5838
9297	5839
9298	5839
9299	5844
9301	5844
9303	5847
9304	5847
9305	5848
9307	5848
9308	5850
9309	5850
9312	5851
9313	5851
9316	5856
9317	5857
9319	5857
9320	5858
9321	5858
9323	5860
9326	5861
9328	5861
9329	5864
9331	5864
9332	5865
9334	5865
9336	5867
9337	5867
9338	5868
9340	5868
9342	5870
9343	5870
9344	5872
9346	5872
9347	5873
9349	5873
9350	5875
9351	5875
9353	5877
9356	5880
9357	5880
9359	5882
9361	5882
9362	5884
9363	5884
9366	5885
9367	5885
9368	5888
9369	5888
9371	5889
9373	5889
9374	5890
9375	5890
9377	5893
9378	5893
9381	5896
9382	5896
9383	5897
9385	5897
9388	5899
9389	5900
9391	5900
9392	5901
9394	5901
9395	5902
9396	5902
9398	5904
9400	5904
9401	5905
9402	5905
9405	5907
9408	5910
9409	5910
9410	5911
9412	5911
9413	5913
9414	5913
9416	5915
9417	5915
9419	5918
9420	5918
9423	5921
9424	5921
9427	5922
9429	5924
9430	5924
9432	5926
9433	5926
9434	5927
9435	5927
9437	5929
9439	5929
9440	5930
9441	5930
9444	5931
9445	5931
9446	5933
9448	5933
9449	5934
9450	5934
9452	5936
9455	5937
9457	5937
9458	5940
9460	5940
9461	5941
9463	5941
9464	5942
9465	5942
9468	5943
9469	5943
9470	5946
9471	5946
9473	5947
9475	5947
9476	5948
9479	5950
9481	5950
9482	5951
9483	5951
9486	5953
9487	5953
9488	5956
9489	5956
9492	5957
9493	5957
9496	5958
9497	5960
9498	5960
9501	5961
9502	5961
9503	5962
9505	5962
9507	5964
9508	5964
9510	5965
9511	5965
9513	5968
9514	5968
9515	5971
9516	5971
9518	5973
9519	5973
9521	5976
9522	5976
9524	5978
9525	5978
9528	5979
9529	5979
9530	5980
9532	5980
9534	5982
9535	5982
9537	5983
9538	5983
9541	5986
9542	5987
9543	5987
9545	5989
9546	5989
9548	5992
9549	5992
9552	5993
9553	5993
9554	5996
9555	5996
9558	5997
9559	5997
9560	5998
9562	5998
9563	5999
9565	5999
9566	6004
9568	6004
9569	6005
9571	6005
9573	6007
9574	6007
9577	6008
9579	6010
9580	6010
9583	6012
9584	6013
9587	6015
9588	6015
9590	6018
9591	6018
9593	6019
9594	6019
9597	6022
9598	6022
9599	6023
9601	6023
9603	6025
9604	6025
9605	6026
9607	6026
9608	6028
9610	6028
9611	6029
9613	6029
9615	6031
9616	6031
9617	6032
9619	6032
9621	6034
9624	6035
9625	6035
9628	6036
9630	6038
9631	6038
9632	6039
9634	6039
9635	6040
9636	6040
9638	6043
9639	6043
9642	6046
9643	6046
9644	6047
9646	6047
9649	6049
9650	6051
9651	6051
9653	6053
9655	6053
9656	6054
9657	6054
9660	6055
9663	6057
9664	6057
9666	6060
9667	6060
9669	6062
9670	6062
9671	6064
9673	6064
9674	6065
9675	6065
9677	6071
9679	6071
9681	6073
9682	6073
9683	6074
9685	6074
9686	6075
9688	6075
9689	6076
9690	6076
9692	6078
9694	6078
9695	6079
9696	6079
9699	6084
9700	6084
9704	6089
9705	6089
9707	6092
9708	6092
9710	6094
9712	6094
9713	6095
9715	6095
9716	6097
9719	6099
9720	6099
9722	6102
9723	6102
9725	6103
9727	6103
9728	6104
9729	6104
9732	6105
9733	6105
9734	6108
9735	6108
9737	6110
9739	6110
9740	6111
9742	6111
9744	6113
9745	6113
9746	6114
9748	6114
9750	6115
9753	6118
9754	6118
9757	6120
9758	6122
9760	6122
9761	6123
9762	6123
9765	6126
9766	6126
9767	6127
9769	6127
9771	6129
9772	6129
9773	6130
9775	6130
9776	6132
9778	6132
9779	6133
9781	6133
9783	6135
9784	6135
9785	6136
9787	6136
9789	6138
9790	6138
9791	6140
9793	6140
9794	6141
9796	6141
9797	6143
9798	6143
9800	6145
9803	6148
9804	6148
9806	6150
9808	6150
9809	6151
9811	6151
9813	6153
9814	6153
9815	6156
9816	6156
9819	6157
9820	6157
9822	6162
9825	6163
9826	6163
9828	6166
9829	6166
9830	6167
9832	6167
9833	6168
9834	6168
9836	6170
9838	6170
9839	6171
9840	6171
9843	6174
9844	6174
9845	6175
9847	6175
9850	6177
9851	6178
9853	6178
9855	6180
9856	6180
9857	6181
9859	6181
9860	6182
9861	6182
9863	6184
9865	6184
9866	6185
9867	6185
9870	6188
9871	6188
9872	6189
9874	6189
9877	6191
9878	6192
9880	6192
9881	6193
9882	6193
9886	6195
9887	6196
9888	6196
9891	6197
9892	6197
9894	6199
9895	6199
9896	6202
9897	6202
9900	6203
9901	6203
9904	6204
9907	6205
9908	6206
9909	6206
9911	6208
9914	6209
9916	6209
9918	6211
9919	6211
9921	6216
9922	6216
9923	6218
9925	6218
9926	6219
9928	6219
9929	6221
9930	6221
9932	6223
9934	6223
9935	6224
9936	6224
9938	6226
9940	6226
9941	6227
9943	6227
9944	6229
9946	6229
9947	6230
9948	6230
9950	6232
9952	6232
9954	6233
9956	6235
9958	6235
9959	6237
9960	6237
9962	6239
9963	6239
9965	6242
9966	6242
9969	6243
9970	6243
9971	6246
9972	6246
9975	6247
9976	6247
9977	6248
9979	6248
9981	6249
9984	6252
9985	6252
9986	6256
9988	6256
9989	6257
9991	6257
9992	6262
9994	6262
9997	6263
9999	6265
10000	6265
10001	6266
10003	6266
10005	6267
10008	6270
10009	6270
10010	6274
10012	6274
10013	6275
10014	6275
10017	6278
10018	6278
10019	6279
10021	6279
10023	6281
10024	6281
10025	6282
10027	6282
10028	6283
10030	6283
10031	6284
10032	6284
10034	6286
10036	6286
10037	6287
10038	6287
10041	6289
10044	6292
10045	6292
10046	6293
10048	6293
10049	6295
10050	6295
10052	6297
10053	6297
10055	6300
10056	6300
10059	6303
10060	6303
10061	6304
10063	6304
10065	6306
10066	6306
10067	6307
10070	6308
10071	6308
10073	6310
10075	6310
10076	6311
10077	6311
10080	6314
10081	6314
10082	6315
10087	6317
10088	6318
10090	6318
10091	6319
10092	6319
10094	6321
10096	6321
10097	6322
10098	6322
10101	6323
10102	6323
10104	6325
10105	6325
10106	6327
10108	6327
10109	6328
10110	6328
10115	6331
10117	6331
10119	6334
10120	6334
10121	6336
10123	6336
10124	6337
10126	6337
10128	6339
10130	6341
10132	6341
10133	6342
10134	6342
10136	6344
10138	6344
10139	6347
10142	6348
10143	6348
10146	6349
10147	6349
10148	6352
10149	6352
10152	6353
10153	6353
10156	6356
10158	6358
10159	6358
10160	6364
10161	6364
10163	6365
10164	6365
10166	6367
10168	6367
10169	6368
10170	6368
10173	6369
10174	6369
10175	6372
10176	6372
10179	6373
10180	6373
10181	6374
10183	6374
10185	6376
10186	6376
10188	6377
10189	6377
10192	6380
10193	6381
10194	6381
10196	6386
10197	6386
10200	6387
10201	6387
10203	6390
10204	6390
10206	6392
10207	6392
10210	6394
10211	6395
10212	6395
10214	6398
10215	6398
10217	6399
10220	6401
10222	6401
10223	6402
10224	6402
10227	6403
10228	6403
10229	6405
10231	6405
10232	6406
10233	6406
10236	6407
10237	6407
10238	6410
10239	6410
10242	6412
10243	6412
10244	6413
10246	6413
10247	6416
10249	6416
10250	6417
10251	6417
10253	6419
10255	6419
10257	6421
10260	6423
10261	6423
10262	6426
10263	6426
10266	6427
10267	6427
10270	6428
10271	6429
10273	6429
10275	6431
10276	6431
10278	6436
10279	6436
10280	6438
10282	6438
10284	6441
10286	6443
10288	6443
10289	6444
10290	6444
10294	6446
